1 2 3 5 7 9 11 (0) 5 2 6 3 1 4 6
7 2 9 3 1 5 9  (1) 
1 2 5 9 7 3 5  (2) 
7 2 3 5 1 9 3  (3) 
1 2 9 3 7 5 9  (4) 
7 2 5 9 1 3 5  (5) 
1 2 3 5 7 9 3  (6) 
7 2 9 3 1 5 9  (7) 
1 2 5 9 7 3 5  (8) 
7 2 3 5 1 9 3  (9) 
1 2 9 3 7 5 9  (10) 
7 2 5 9 1 3 5  (11) 
1 2 3 5 7 9 3  (12) 
7 2 9 3 1 5 9  (13) 
1 2 5 9 7 3 5  (14) 
7 2 3 5 1 9 3  (15) 
1 2 9 3 7 5 9  (16) 
7 2 5 9 1 3 5  (17) 
1 2 3 5 7 9 3  (18) 
7 2 9 3 1 5 9  (19) 
1 2 5 9 7 3 5  (20)


4 3 2 1  (0) 
2 1 4 3  (1) 
4 3 2 1  (2) 
2 1 4 3  (3) 
4 3 2 1  (4) 
2 1 4 3  (5) 
4 3 2 1  (6) 
2 1 4 3  (7) 
4 3 2 1  (8) 
2 1 4 3  (9) 
4 3 2 1  (10) 
2 1 4 3  (11) 
4 3 2 1  (12) 
2 1 4 3  (13) 
4 3 2 1  (14) 
2 1 4 3  (15) 
4 3 2 1  (16) 
2 1 4 3  (17) 
4 3 2 1  (18) 
2 1 4 3  (19) 
4 3 2 1  (20) 
2 1 4 3  (21) 
4 3 2 1  (22) 
2 1 4 3  (23) 
4 3 2 1  (24) 
2 1 4 3  (25) 
4 3 2 1  (26) 
2 1 4 3  (27) 
4 3 2 1  (28) 
2 1 4 3  (29) 
4 3 2 1  (30)


9 9 8 2 4 4 3 5 3  (0) 
8 3 5 4 3 8 3 2 9  (1) 
5 3 2 3 9 5 3 4 3  (2) 
2 3 4 9 3 2 3 3 3  (3) 
4 3 3 3 3 4 3 9 3  (4) 
3 3 9 3 3 3 3 3 3  (5) 
9 3 3 3 3 9 3 3 3  (6) 
3 3 3 3 3 3 3 3 3  (7) 
3 3 3 3 3 3 3 3 3  (8) 
3 3 3 3 3 3 3 3 3  (9) 
3 3 3 3 3 3 3 3 3  (10) 
3 3 3 3 3 3 3 3 3  (11) 
3 3 3 3 3 3 3 3 3  (12) 
3 3 3 3 3 3 3 3 3  (13) 
3 3 3 3 3 3 3 3 3  (14) 
3 3 3 3 3 3 3 3 3  (15) 
3 3 3 3 3 3 3 3 3  (16) 
3 3 3 3 3 3 3 3 3  (17) 
3 3 3 3 3 3 3 3 3  (18) 
3 3 3 3 3 3 3 3 3  (19) 
3 3 3 3 3 3 3 3 3  (20) 
3 3 3 3 3 3 3 3 3  (21) 
3 3 3 3 3 3 3 3 3  (22) 
3 3 3 3 3 3 3 3 3  (23) 
3 3 3 3 3 3 3 3 3  (24) 
3 3 3 3 3 3 3 3 3  (25) 
3 3 3 3 3 3 3 3 3  (26) 
3 3 3 3 3 3 3 3 3  (27) 
3 3 3 3 3 3 3 3 3  (28) 
3 3 3 3 3 3 3 3 3  (29) 
3 3 3 3 3 3 3 3 3  (30)